<?xml version="1.0"?>
<opencv_storage>
<images type_id="opencv-matrix">
  <rows>10</rows>
  <cols>600</cols>
  <dt>f</dt>
  <data>
    90. 255. 255. 255. 255. 255. 255. 255. 255. 255. 255. 255. 255. 255.
    255. 255. 255. 255. 255. 255. 255. 255. 255. 255. 255. 255. 255.
    255. 255. 255. 255. 255. 255. 255. 255. 255. 255. 255. 255. 255.
    237. 255. 255. 255. 255. 255. 255. 255. 255. 255. 255. 255. 255.
    255. 255. 255. 255. 255. 255. 255. 22. 123. 123. 123. 123. 123. 123.
    123. 123. 123. 123. 123. 123. 123. 123. 123. 225. 255. 255. 255. 0.
    0. 0. 0. 0. 0. 0. 0. 0. 0. 0. 0. 0. 0. 0. 103. 252. 255. 255. 55. 0.
    0. 0. 0. 0. 0. 0. 0. 0. 0. 0. 0. 0. 0. 7. 164. 255. 255. 134. 0. 0.
    0. 0. 0. 0. 0. 0. 0. 0. 0. 0. 0. 0. 0. 212. 255. 255. 229. 25. 0. 0.
    0. 0. 0. 0. 0. 0. 0. 0. 0. 0. 0. 0. 185. 255. 255. 255. 0. 0. 0. 0.
    0. 0. 0. 0. 0. 0. 0. 0. 0. 0. 0. 65. 233. 255. 255. 120. 0. 0. 0. 0.
    0. 0. 0. 0. 0. 0. 0. 0. 0. 0. 1. 114. 255. 255. 242. 51. 0. 0. 0. 0.
    0. 0. 0. 0. 0. 0. 0. 0. 0. 0. 6. 255. 255. 244. 66. 0. 0. 0. 0. 0.
    0. 0. 0. 0. 0. 0. 0. 0. 0. 0. 251. 255. 255. 236. 0. 0. 0. 0. 0. 0.
    0. 0. 0. 0. 0. 0. 0. 0. 0. 172. 255. 255. 255. 0. 0. 0. 0. 0. 0. 0.
    0. 0. 0. 0. 0. 0. 0. 0. 70. 243. 255. 255. 98. 0. 0. 0. 0. 0. 0. 0.
    0. 0. 0. 0. 0. 0. 0. 0. 131. 255. 255. 228. 50. 0. 0. 0. 0. 0. 0. 0.
    0. 0. 0. 0. 0. 0. 0. 0. 255. 255. 255. 159. 0. 0. 0. 0. 0. 0. 0. 0.
    0. 0. 0. 0. 0. 0. 0. 249. 255. 255. 249. 0. 0. 0. 0. 0. 0. 0. 0. 0.
    0. 0. 0. 0. 0. 0. 93. 252. 255. 255. 104. 0. 0. 0. 0. 0. 0. 0. 0. 0.
    0. 0. 0. 0. 0. 70. 255. 255. 255. 252. 0. 0. 0. 0. 0. 0. 0. 0. 0. 0.
    0. 0. 0. 0. 0. 153. 255. 255. 255. 83. 0. 0. 0. 0. 0. 0. 0. 0. 0. 0.
    0. 0. 0. 0. 0. 255. 255. 255. 182. 10. 0. 0. 0. 0. 0. 0. 0. 0. 0. 0.
    0. 0. 0. 0. 236. 255. 255. 255. 172. 0. 0. 0. 0. 0. 0. 0. 0. 0. 0.
    0. 0. 0. 0. 110. 250. 255. 255. 255. 43. 0. 0. 0. 0. 0. 0. 0. 0. 0.
    0. 0. 0. 0. 11. 166. 255. 255. 255. 209. 0. 0. 0. 0. 0. 0. 0. 0. 0.
    0. 0. 0. 0. 0. 57. 255. 255. 255. 255. 6. 0. 0. 0. 0. 0. 0. 0. 0. 0.
    0. 0. 0. 0. 0. 67. 255. 255. 255. 247. 6. 0. 0. 0. 0. 0. 0. 0. 0. 0.
    0. 0. 0. 0. 0. 255. 255. 255. 255. 95. 0. 0. 0. 0. 0. 0. 0. 0. 0. 0.
    0. 0. 0. 0. 0. 255. 255. 255. 255. 95. 0. 0. 0. 0. 0. 0. 0. 0. 0. 0.
    0. 0. 0. 0. 223. 255. 255. 255. 255. 95. 0. 0. 0. 0. 0. 0. 0. 0. 0.
    0. 0. 0. 0. 0. 223. 255. 255. 255. 255. 95. 0. 0. 0. 0. 0. 0. 0. 0.
    0. 0. 0. 0. 4. 104. 255. 255. 255. 255. 255. 255. 255. 255. 255.
    255. 255. 255. 255. 255. 255. 255. 255. 74. 6. 116. 255. 255. 255.
    255. 255. 255. 255. 255. 255. 255. 255. 255. 255. 255. 255. 255.
    255. 255. 0. 57. 255. 255. 255. 255. 255. 255. 255. 255. 255. 255.
    255. 255. 255. 255. 255. 255. 255. 216. 0. 57. 255. 255. 255. 122.
    94. 94. 94. 94. 94. 94. 94. 94. 94. 94. 94. 94. 94. 7. 0. 57. 255.
    255. 255. 44. 0. 0. 0. 0. 0. 0. 0. 0. 0. 0. 0. 0. 0. 0. 0. 57. 255.
    255. 255. 45. 0. 0. 0. 0. 0. 0. 0. 0. 0. 0. 0. 0. 0. 0. 0. 57. 255.
    255. 255. 51. 0. 0. 0. 0. 0. 0. 0. 0. 0. 0. 0. 0. 0. 0. 0. 57. 255.
    255. 255. 150. 3. 0. 0. 0. 0. 0. 0. 0. 0. 0. 0. 0. 0. 0. 0. 57. 255.
    255. 255. 44. 0. 0. 0. 0. 0. 0. 0. 0. 0. 0. 0. 0. 0. 0. 0. 57. 255.
    255. 255. 45. 0. 0. 0. 0. 0. 0. 0. 0. 0. 0. 0. 0. 0. 0. 0. 57. 255.
    255. 255. 44. 0. 0. 0. 0. 0. 0. 0. 0. 0. 0. 0. 0. 0. 0. 0. 57. 255.
    255. 255. 255. 255. 255. 255. 255. 162. 94. 94. 0. 0. 0. 0. 0. 0. 0.
    16. 222. 255. 255. 255. 255. 255. 255. 255. 255. 255. 255. 255. 213.
    175. 0. 0. 0. 0. 0. 0. 40. 179. 179. 179. 179. 179. 179. 200. 255.
    255. 255. 255. 255. 255. 197. 40. 0. 0. 0. 0. 0. 0. 0. 0. 0. 0. 0.
    16. 60. 172. 255. 255. 255. 255. 255. 226. 73. 0. 0. 0. 0. 0. 0. 0.
    0. 0. 0. 0. 0. 0. 0. 171. 255. 255. 255. 255. 255. 104. 4. 0. 0. 0.
    0. 0. 0. 0. 0. 0. 0. 0. 0. 0. 81. 255. 255. 255. 255. 255. 19. 0. 0.
    0. 0. 0. 0. 0. 0. 0. 0. 0. 0. 0. 5. 220. 255. 255. 255. 255. 255. 0.
    0. 0. 0. 0. 0. 0. 0. 0. 0. 0. 0. 0. 0. 44. 255. 255. 255. 255. 255.
    0. 0. 0. 0. 0. 0. 0. 0. 0. 0. 0. 0. 0. 0. 44. 255. 255. 255. 255.
    255. 0. 0. 0. 0. 0. 0. 0. 0. 0. 0. 0. 0. 0. 0. 45. 255. 255. 255.
    255. 255. 0. 0. 0. 0. 0. 0. 0. 0. 0. 0. 0. 0. 0. 0. 44. 255. 255.
    255. 255. 255. 0. 0. 0. 0. 0. 0. 0. 0. 0. 0. 0. 0. 0. 0. 45. 255.
    255. 255. 255. 255. 0. 0. 0. 0. 0. 0. 0. 0. 0. 0. 0. 0. 0. 6. 248.
    255. 255. 255. 255. 255. 0. 0. 0. 0. 0. 0. 0. 0. 0. 0. 0. 0. 0. 114.
    255. 255. 255. 255. 255. 19. 0. 0. 0. 0. 0. 0. 0. 0. 0. 0. 0. 0. 0.
    255. 255. 255. 255. 255. 77. 2. 255. 255. 194. 94. 94. 16. 0. 0. 0.
    0. 54. 94. 235. 255. 255. 255. 255. 196. 36. 0. 255. 255. 255. 255.
    255. 220. 213. 213. 213. 213. 237. 255. 255. 255. 255. 255. 154. 16.
    0. 0. 184. 255. 255. 255. 255. 255. 255. 255. 255. 255. 255. 255.
    255. 253. 147. 0. 0. 0. 0. 0. 4. 60. 133. 255. 255. 255. 255. 255.
    255. 255. 255. 113. 60. 58. 0. 0. 0. 0. 0. 0. 0. 0. 0. 0. 0. 0. 0.
    0. 0. 0. 0. 41. 255. 255. 255. 255. 0. 0. 0. 0. 0. 0. 0. 0. 0. 0. 0.
    0. 0. 0. 0. 191. 255. 255. 255. 255. 0. 0. 0. 0. 0. 0. 0. 0. 0. 0.
    0. 0. 0. 0. 80. 255. 255. 255. 255. 255. 0. 0. 0. 0. 0. 0. 0. 0. 0.
    0. 0. 0. 0. 0. 255. 255. 255. 255. 255. 255. 0. 0. 0. 0. 0. 0. 0. 0.
    0. 0. 0. 0. 0. 182. 255. 255. 255. 255. 255. 255. 0. 0. 0. 0. 0. 0.
    0. 0. 0. 0. 0. 0. 64. 255. 255. 182. 182. 255. 255. 255. 0. 0. 0. 0.
    0. 0. 0. 0. 0. 0. 0. 0. 220. 255. 203. 12. 64. 255. 255. 255. 0. 0.
    0. 0. 0. 0. 0. 0. 0. 0. 0. 191. 255. 255. 143. 0. 64. 255. 255. 255.
    0. 0. 0. 0. 0. 0. 0. 0. 0. 0. 44. 235. 255. 255. 0. 0. 64. 255. 255.
    255. 0. 0. 0. 0. 0. 0. 0. 0. 0. 0. 255. 255. 255. 64. 0. 0. 64. 255.
    255. 255. 0. 0. 0. 0. 0. 0. 0. 0. 0. 105. 255. 255. 220. 29. 0. 0.
    169. 255. 255. 255. 0. 0. 0. 0. 0. 0. 0. 0. 63. 254. 255. 255. 191.
    0. 0. 0. 255. 255. 255. 255. 0. 0. 0. 0. 0. 0. 0. 0. 143. 255. 255.
    175. 0. 0. 0. 0. 255. 255. 255. 255. 0. 0. 0. 0. 0. 0. 0. 163. 255.
    255. 255. 64. 0. 0. 0. 0. 255. 255. 255. 255. 0. 0. 0. 0. 0. 0. 18.
    209. 255. 255. 137. 0. 0. 0. 0. 0. 255. 255. 255. 255. 0. 0. 0. 0.
    0. 0. 201. 255. 255. 255. 0. 0. 0. 0. 0. 0. 255. 255. 255. 255. 0.
    0. 0. 0. 0. 29. 255. 255. 245. 54. 0. 0. 0. 0. 0. 0. 255. 255. 255.
    255. 0. 0. 0. 0. 37. 228. 255. 255. 80. 0. 0. 0. 0. 0. 0. 0. 143.
    255. 255. 143. 0. 0. 0. 0. 67. 255. 255. 64. 0. 0. 0. 0. 0. 0. 0. 0.
    64. 255. 255. 64. 0. 0. 0. 0. 255. 255. 255. 150. 115. 115. 115.
    115. 115. 115. 115. 115. 150. 255. 255. 150. 115. 115. 115. 115.
    255. 255. 255. 255. 255. 255. 255. 255. 255. 255. 255. 255. 255.
    255. 255. 255. 255. 255. 255. 255. 255. 255. 255. 255. 255. 255.
    255. 255. 255. 255. 255. 255. 255. 255. 255. 255. 255. 255. 255.
    255. 64. 64. 64. 64. 64. 64. 64. 64. 64. 64. 64. 64. 112. 255. 255.
    112. 64. 64. 64. 64. 0. 0. 0. 0. 0. 0. 0. 0. 0. 0. 0. 0. 64. 255.
    255. 64. 0. 0. 0. 0. 0. 0. 0. 0. 0. 0. 0. 0. 0. 0. 0. 0. 182. 255.
    255. 182. 0. 0. 0. 0. 0. 0. 0. 0. 0. 0. 0. 0. 0. 0. 0. 0. 255. 255.
    255. 255. 0. 0. 0. 0. 0. 0. 0. 0. 0. 0. 0. 0. 0. 0. 0. 0. 255. 255.
    255. 255. 0. 0. 0. 0. 0. 0. 0. 0. 0. 0. 0. 0. 0. 0. 0. 0. 255. 255.
    255. 255. 0. 0. 0. 0. 0. 0. 0. 0. 0. 0. 0. 0. 0. 0. 0. 0. 255. 255.
    255. 255. 0. 0. 0. 0. 0. 0. 0. 0. 0. 0. 0. 0. 0. 0. 0. 0. 255. 255.
    255. 255. 0. 0. 0. 0. 0. 0. 0. 0. 0. 64. 64. 255. 255. 255. 255.
    255. 255. 64. 64. 0. 0. 0. 0. 0. 0. 0. 0. 0. 153. 255. 255. 255.
    255. 255. 255. 255. 255. 255. 255. 153. 0. 0. 0. 0. 0. 0. 0. 140.
    255. 255. 255. 255. 191. 191. 191. 230. 255. 255. 255. 255. 140. 0.
    0. 0. 0. 0. 191. 255. 255. 255. 140. 64. 0. 0. 0. 38. 64. 255. 255.
    255. 255. 191. 0. 0. 0. 153. 255. 255. 255. 153. 0. 0. 0. 0. 0. 0.
    0. 76. 242. 255. 255. 255. 38. 0. 0. 153. 255. 255. 255. 0. 0. 0. 0.
    0. 0. 0. 0. 0. 51. 255. 255. 255. 153. 0. 51. 255. 255. 255. 51. 0.
    0. 0. 0. 0. 0. 0. 0. 0. 0. 255. 255. 255. 255. 51. 51. 255. 255.
